-1041.853314
-622.1971616
-194.31208
226.438603
656.5863334
1077.9175
1520.580111
1929.868071
2371.159589
2779.116888
3220.52532
3629.08456
4072.062537
4479.299852
4919.02573
5323.041297
5761.967658
6166.703726
6604.83233
7008.56391
7441.349631
7837.985853
8264.241748
8656.216585
9078.716263
9464.875851
9876.083807
10247.75247
10645.57463
11004.86474
11391.12918
11735.36831
12103.94688
12430.45925
12781.50922
13090.12256
13424.26926
13713.61568
14029.81837
14302.84262
14602.36804
14860.76635
15145.5102
15388.71227
15661.24801
15894.02745
16157.94283
16384.5841
16639.90281
16858.26744
17085.58935
17297.92953
17519.86523
17727.76508
17943.64027
18143.03756
18336.00596
18523.16856
18704.48933
18880.69396
19051.72425
19214.53853
19368.95464
19513.68835
19650.85386
19779.90299
19901.95363
20013.6868
20117.96956
20210.57757
20293.15911
20365.6342
20429.31986
20483.70692
20528.68543
20560.42655
20578.62211
20586.0087
20580.85698
20567.16245
20539.29075
20499.70701
20446.04397
20380.86707
20301.43082
20212.96667
20111.54535
20002.86435
19882.84803
19753.88203
19614.58069
19469.05411
19316.46379
19160.63636
18998.53204
18832.12698
18660.35869
18484.3837
18303.55525
18119.08944
17911.41297
17720.46643
17505.67098
17305.60534
17079.66475
16869.28116
16621.08822
16400.55768
16142.51741
15912.63701
15642.88193
15400.80169
15116.55048
14861.23958
14565.32374
14299.04598
13989.74105
13707.38273
13380.8383
13078.66442
12735.66957
12418.82018
12062.14734
11729.40713
11352.90469
10998.52705
10605.14338
10237.75346
9834.437383
9455.476184
9037.666601
8646.355641
8218.993202
7820.90781
7389.340875
6987.184175
6550.133869
6144.926683
5704.759366
5297.771708
4858.057644
4450.693336
4010.758245
3604.441343
3164.045706
2758.043154
2317.892038
1909.651798
1469.282114
1061.388117
629.1436036
220.7933253
-212.5457192
-623.1586462
-1057.078174
-1467.036657
-1900.301742
-2308.889132
-2740.823555
-3149.527858
-3580.271773
-3987.785568
-4416.875202
-4821.136899
-5247.004785
-5649.540701
-6073.682805
-6474.738124
-6897.87574
-7293.588177
-7711.29082
-8101.590719
-8513.978145
-8900.521827
-9307.094003
-9683.015697
-10078.24563
-10442.82508
-10825.67646
-11178.69819
-11546.66061
-11883.44387
-12235.16781
-12554.42247
-12888.24739
-13190.66801
-13507.32657
-13792.58084
-14092.91723
-14361.49422
-14647.20467
-14902.7137
-15175.3562
-15418.65713
-15680.87699
-15915.55755
-16170.44517
-16397.7935
-16644.59421
-16863.48055
-17091.66845
-17304.53034
-17526.69379
-17733.11523
-17946.77613
-18143.46009
-18334.21419
-18519.38012
-18698.78621
-18873.66166
-19041.46984
-19202.95494
-19354.61272
-19499.61506
-19635.58827
-19766.402
-19887.26034
-20000.51292
-20103.12727
-20194.67863
-20275.49968
-20346.94055
-20408.7684
-20460.56224
-20499.74414
-20524.0853
-20535.764
-20535.75063
-20525.11836
-20502.38501
-20465.70152
-20415.72944
-20353.25461
-20278.97951
-20193.3014
-20096.97199
-19988.97648
-19872.43023
-19744.99554
-19609.50082
-19465.50555
-19315.00824
-19157.72399
-18996.06598
-18827.75979
-18656.4378
-18479.75576
-18298.86385
-18113.87633
-17924.86867
-17720.81206
-17525.32367
-17314.14807
-17109.95658
-16889.69795
-16676.42344
-16433.91245
-16210.49099
-15957.96265
-15724.1338
-15461.19807
-15215.16937
-14937.73752
-14678.47816
-14388.58348
-14116.8613
-13813.57754
-13525.7748
-13205.25153
-12901.09046
-12564.20886
-12245.34983
-11894.79025
-11560.04042
-11192.65014
-10841.0696
-10457.51837
-10092.92555
-9699.441897
-9323.686822
-8919.040903
-8532.285578
-8118.086801
-7724.557045
-7305.054018
-6906.303984
-6481.649912
-6079.849393
-5652.07831
-5248.0066
-4818.300882
-4412.294536
-3982.36779
-3577.40885
-3146.8828
-2740.880247
-2309.310585
-1901.070345
-1469.282114
